0 0.91 0.5033333333333333 0.09777777777777778 0.09777777777777778
0 0.5477777777777778 0.1288888888888889 0.14666666666666667 0.1111111111111111
0 0.8655555555555555 0.2777777777777778 0.06222222222222222 0.06222222222222222
0 0.22333333333333333 0.31333333333333335 0.05555555555555555 0.057777777777777775
0 0.8944444444444445 0.7966666666666666 0.10444444444444445 0.07555555555555556
0 0.36666666666666664 0.5333333333333333 0.08444444444444445 0.06666666666666667
0 0.3566666666666667 0.8911111111111111 0.05555555555555555 0.05555555555555555
0 0.2777777777777778 0.6466666666666666 0.02666666666666667 0.044444444444444446
0 0.022222222222222223 0.7066666666666667 0.035555555555555556 0.04888888888888889
0 0.6844444444444444 0.3888888888888889 0.024444444444444446 0.051111111111111114
0 0.71 0.7066666666666667 0.03111111111111111 0.04888888888888889