0 0.12333333333333334 0.22555555555555556 0.09111111111111111 0.09777777777777778
0 0.22444444444444445 0.2222222222222222 0.09333333333333334 0.09777777777777778
0 0.3188888888888889 0.19777777777777777 0.12222222222222222 0.09777777777777778
0 0.08444444444444445 0.3377777777777778 0.057777777777777775 0.05333333333333334
0 0.17888888888888888 0.33 0.07777777777777778 0.08
0 0.26 0.3211111111111111 0.06666666666666667 0.08888888888888889
0 0.3511111111111111 0.3188888888888889 0.08 0.08444444444444445
0 0.45222222222222225 0.18666666666666668 0.09111111111111111 0.09333333333333334
0 0.5277777777777778 0.3022222222222222 0.1622222222222222 0.12444444444444444
0 0.5633333333333334 0.18333333333333332 0.09111111111111111 0.06888888888888889
0 0.9555555555555556 0.15222222222222223 0.08 0.12
0 0.95 0.2877777777777778 0.07333333333333333 0.08888888888888889