0 0.30333333333333334 0.39 0.18444444444444444 0.2811111111111111
0 0.25222222222222224 0.7655555555555555 0.2777777777777778 0.18444444444444444
0 0.6577777777777778 0.09888888888888889 0.31666666666666665 0.16555555555555557
0 0.5544444444444444 0.7933333333333333 0.33444444444444443 0.20222222222222222
0 0.17222222222222222 0.44333333333333336 0.18333333333333332 0.30777777777777776
0 0.06111111111111111 0.3522222222222222 0.10444444444444445 0.1922222222222222
0 0.6055555555555555 0.4066666666666667 0.23222222222222222 0.23333333333333334
0 0.6988888888888889 0.49666666666666665 0.3377777777777778 0.17333333333333334
0 0.6544444444444445 0.91 0.22555555555555556 0.16555555555555557
0 0.9022222222222223 0.15888888888888889 0.18777777777777777 0.2866666666666667
0 0.32555555555555554 0.13777777777777778 0.3188888888888889 0.17666666666666667
0 0.5666666666666667 0.24666666666666667 0.33444444444444443 0.13111111111111112
0 0.5244444444444445 0.6433333333333333 0.3422222222222222 0.12777777777777777