0 0.49666666666666665 0.09 0.09777777777777778 0.09777777777777778
0 0.8711111111111111 0.45222222222222225 0.1111111111111111 0.14666666666666667
0 0.7222222222222222 0.13444444444444445 0.06222222222222222 0.06222222222222222
0 0.6866666666666666 0.7766666666666666 0.057777777777777775 0.05555555555555555
0 0.20333333333333334 0.10555555555555556 0.07555555555555556 0.10444444444444445
0 0.4666666666666667 0.6333333333333333 0.06666666666666667 0.08444444444444445
0 0.10888888888888888 0.6433333333333333 0.05333333333333334 0.05555555555555555
0 0.35333333333333333 0.7222222222222222 0.044444444444444446 0.02666666666666667
0 0.29333333333333333 0.9777777777777777 0.04888888888888889 0.035555555555555556
0 0.6111111111111112 0.31555555555555553 0.051111111111111114 0.024444444444444446
0 0.29333333333333333 0.29 0.04888888888888889 0.03111111111111111