0 0.8766666666666667 0.22555555555555556 0.09111111111111111 0.09777777777777778
0 0.7755555555555556 0.2222222222222222 0.09333333333333334 0.09777777777777778
0 0.6811111111111111 0.19777777777777777 0.12222222222222222 0.09777777777777778
0 0.9155555555555556 0.3377777777777778 0.057777777777777775 0.05333333333333334
0 0.8211111111111111 0.33 0.07777777777777778 0.08
0 0.74 0.3211111111111111 0.06666666666666667 0.08888888888888889
0 0.6488888888888888 0.3188888888888889 0.08 0.08444444444444445
0 0.5477777777777778 0.18666666666666668 0.09111111111111111 0.09333333333333334
0 0.4722222222222222 0.3022222222222222 0.1622222222222222 0.12444444444444444
0 0.43666666666666665 0.18333333333333332 0.09111111111111111 0.06888888888888889
0 0.044444444444444446 0.15222222222222223 0.08 0.12
0 0.05 0.2877777777777778 0.07333333333333333 0.08888888888888889