0 0.6144444444444445 0.3611111111111111 0.37555555555555553 0.19555555555555557
0 0.6022222222222222 0.14222222222222222 0.2822222222222222 0.16444444444444445
0 0.56 0.5677777777777778 0.30444444444444446 0.16
0 0.6388888888888888 0.7355555555555555 0.4177777777777778 0.17333333333333334
0 0.6088888888888889 0.9155555555555556 0.3111111111111111 0.16666666666666666
0 0.07888888888888888 0.92 0.1511111111111111 0.13555555555555557
0 0.2544444444444444 0.6033333333333334 0.2644444444444444 0.15555555555555556
0 0.2411111111111111 0.21444444444444444 0.27555555555555555 0.12444444444444444
0 0.21888888888888888 0.34 0.26222222222222225 0.12
0 0.052222222222222225 0.7 0.09777777777777778 0.08888888888888889
0 0.2511111111111111 0.47888888888888886 0.26222222222222225 0.14222222222222222