0 0.6388888888888888 0.38555555555555554 0.19555555555555557 0.37555555555555553
0 0.8577777777777778 0.3977777777777778 0.16444444444444445 0.2822222222222222
0 0.43222222222222223 0.44 0.16 0.30444444444444446
0 0.2644444444444444 0.3611111111111111 0.17333333333333334 0.4177777777777778
0 0.08444444444444445 0.39111111111111113 0.16666666666666666 0.3111111111111111
0 0.08 0.9211111111111111 0.13555555555555557 0.1511111111111111
0 0.39666666666666667 0.7455555555555555 0.15555555555555556 0.2644444444444444
0 0.7855555555555556 0.7588888888888888 0.12444444444444444 0.27555555555555555
0 0.66 0.7811111111111111 0.12 0.26222222222222225
0 0.3 0.9477777777777778 0.08888888888888889 0.09777777777777778
0 0.5211111111111111 0.7488888888888889 0.14222222222222222 0.26222222222222225