2 0.5411111111111111 0.2388888888888889 0.1622222222222222 0.47555555555555556
2 0.95 0.75 0.08666666666666667 0.4955555555555556
2 0.5044444444444445 0.7455555555555555 0.16 0.4533333333333333
2 0.9388888888888889 0.22444444444444445 0.12 0.4488888888888889
2 0.39666666666666667 0.23777777777777778 0.14222222222222222 0.47555555555555556
2 0.36333333333333334 0.7644444444444445 0.13777777777777778 0.4666666666666667
2 0.2922222222222222 0.7111111111111111 0.12444444444444444 0.46444444444444444
2 0.2811111111111111 0.23444444444444446 0.11333333333333333 0.4666666666666667
0 0.20666666666666667 0.79 0.09777777777777778 0.13777777777777778
0 0.20444444444444446 0.5633333333333334 0.06666666666666667 0.1511111111111111
2 0.17222222222222222 0.13777777777777778 0.12444444444444444 0.2
0 0.13555555555555557 0.6144444444444445 0.09333333333333334 0.16
0 0.04 0.8911111111111111 0.07555555555555556 0.19111111111111112
2 0.8755555555555555 0.77 0.09777777777777778 0.44
2 0.8488888888888889 0.22111111111111112 0.13777777777777778 0.44222222222222224
2 0.7644444444444445 0.7744444444444445 0.08444444444444445 0.41333333333333333
2 0.7444444444444445 0.23777777777777778 0.13111111111111112 0.43333333333333335
2 0.6733333333333333 0.7466666666666667 0.14666666666666667 0.5022222222222222
2 0.6355555555555555 0.23222222222222222 0.14 0.46444444444444444