2 0.012642224444444445 0.6987715177777778 0.0031605555555555558 0.9997481266666667 0.09797724444444444 0.9780889644444445 0.10113779999999999 0.7019733955555556 0.012642224444444445 0.6987715177777778
2 0 0.45278467333333333 0.09165613111111111 0.4522268466666667 0.12326169333333334 0.026376964444444442 0 0.023602002222222224 0 0.45278467333333333
2 0.6384323644444444 0.42020806 0.49620733333333333 0.4330155755555556 0.4835651066666667 0.6737968444444444 0.6447534755555556 0.6763583644444444 0.6384323644444444 0.42020806
2 0.6508573400000001 1 0.6447534755555556 0.7371940622222222 0.4835651066666667 0.7314521933333333 0.49304677555555554 0.9997481266666667 0.49719048888888884 1 0.6508573400000001 1
2 0.6605562577777778 0.048790115555555555 0.4993678888888889 0.029578842222222224 0.5025284444444444 0.3502862755555556 0.6289506955555555 0.36257424 0.6605562577777778 0.048790115555555555
0 0.015802782222222225 0.6795602444444445 0.1264222511111111 0.6443395777777777 0.10745891333333332 0.49122157333333333 0.0031605555555555558 0.4938512733333333 0.015802782222222225 0.6795602444444445
2 0.8407079644444444 0.4618324844444444 0.6795195955555555 0.4618324844444444 0.6605562577777778 0.6962183688888889 0.8312262955555555 0.6955696377777777 0.8407079644444444 0.4618324844444444
2 0.8691529711111111 0.03278072222222222 0.6858407088888888 0.019973206666666667 0.6447534755555556 0.4367692977777778 0.8470290777777778 0.4330155755555556 0.8691529711111111 0.03278072222222222
2 0.8501896333333333 1 0.8501896333333333 0.7147809111111111 0.6763590399999999 0.7122337444444444 0.6920014644444444 1 0.8501896333333333 1
2 1 0.5599291155555556 0.8723135266666667 0.5418794555555555 0.8659924155555556 0.9941043399999999 1 0.97031072 1 0.5599291155555556
2 1 0.06154837333333333 0.8975979777777777 0.04558823777777778 0.8975979777777777 0.46559697333333333 1 0.46509062222222225 1 0.06154837333333333
2 0.1453855888888889 0.9997481266666667 0.28761062 0.9805368533333333 0.28761062 0.6827621222222222 0.12010113777777778 0.6994214444444444 0.1453855888888889 0.9997481266666667
0 0.16750948222222223 0.6603489711111111 0.29077117555555554 0.6635508511111111 0.30025284444444444 0.48424563555555555 0.13274336222222222 0.49762772222222224 0.16750948222222223 0.6603489711111111
2 0.3223767377777778 0.048790115555555555 0.1611883688888889 0.019973206666666667 0.13906447555555557 0.4367692977777778 0.27496839333333334 0.42661181777777774 0.3223767377777778 0.048790115555555555
2 0.3286978511111111 0.6987715177777778 0.44879898888888886 0.6987715177777778 0.4709228822222222 0.4106024222222222 0.3034134 0.41114470000000003 0.3286978511111111 0.6987715177777778
2 0.47264447555555555 1 0.4772439955555555 0.9997481266666667 0.48040455111111113 0.7275884266666666 0.3286978511111111 0.7442644933333333 0.35956098 1 0.47264447555555555 1
2 0.48988622000000004 0.03278072222222222 0.3065739577777778 0.035982600000000003 0.3128950688888889 0.3823170244444445 0.5025284444444444 0.3721798777777778 0.48988622000000004 0.03278072222222222