2 0.2388888888888889 0.4588888888888889 0.47555555555555556 0.1622222222222222
2 0.75 0.052222222222222225 0.4955555555555556 0.08666666666666667
2 0.7455555555555555 0.4955555555555556 0.4533333333333333 0.16
2 0.22555555555555556 0.06222222222222222 0.44666666666666666 0.12
2 0.2388888888888889 0.6033333333333334 0.47333333333333333 0.14444444444444443
2 0.7644444444444445 0.6366666666666667 0.4666666666666667 0.13777777777777778
2 0.7111111111111111 0.7077777777777777 0.46444444444444444 0.12444444444444444
2 0.23444444444444446 0.7188888888888889 0.4688888888888889 0.11333333333333333
0 0.79 0.7933333333333333 0.13777777777777778 0.09777777777777778
0 0.5633333333333334 0.7955555555555556 0.1511111111111111 0.06666666666666667
2 0.13777777777777778 0.8277777777777777 0.2 0.12444444444444444
0 0.6144444444444445 0.8644444444444445 0.16 0.09333333333333334
0 0.8911111111111111 0.96 0.19111111111111112 0.07555555555555556
2 0.77 0.12444444444444444 0.44 0.1
2 0.2222222222222222 0.15 0.44 0.14
2 0.7744444444444445 0.23555555555555555 0.41333333333333333 0.08444444444444445
2 0.23777777777777778 0.25555555555555554 0.43333333333333335 0.13111111111111112
2 0.7466666666666667 0.32666666666666666 0.5022222222222222 0.14666666666666667
2 0.23333333333333334 0.36444444444444446 0.4622222222222222 0.14222222222222222