2 0.10113779999999999 0.29802660444444445 0.09797724444444444 0.021911035555555555 0.0031605555555555558 0.0002518733333333333 0.012642224444444445 0.3012284822222222 0.10113779999999999 0.29802660444444445
2 0 0.9763979977777778 0.12326169333333334 0.9736230355555555 0.09165613111111111 0.5477731533333333 0 0.5472153266666666 0 0.9763979977777778
2 0.6447534755555556 0.32364163555555553 0.4835651066666667 0.3262031555555555 0.49620733333333333 0.5669844244444444 0.6384323644444444 0.5797919399999999 0.6447534755555556 0.32364163555555553
2 0.49719048888888884 0 0.49304677555555554 0.0002518733333333333 0.4835651066666667 0.26854780666666667 0.6447534755555556 0.2628059377777778 0.6508573400000001 0 0.49719048888888884 0
2 0.6289506955555555 0.63742576 0.5025284444444444 0.6497137244444444 0.4993678888888889 0.9704211577777778 0.6605562577777778 0.9512098844444444 0.6289506955555555 0.63742576
0 0.0031605555555555558 0.5061487266666667 0.10745891333333332 0.5087784266666666 0.1264222511111111 0.3556604222222222 0.015802782222222225 0.32043975555555554 0.0031605555555555558 0.5061487266666667
2 0.8312262955555555 0.3044303622222222 0.6605562577777778 0.30378163111111106 0.6795195955555555 0.5381675155555555 0.8407079644444444 0.5381675155555555 0.8312262955555555 0.3044303622222222
2 0.8470290777777778 0.5669844244444444 0.6447534755555556 0.5632307022222222 0.6858407088888888 0.9800267933333334 0.8691529711111111 0.9672192777777777 0.8470290777777778 0.5669844244444444
2 0.6920014644444444 0 0.6763590399999999 0.2877662555555555 0.8501896333333333 0.2852190888888889 0.8501896333333333 0 0.6920014644444444 0
2 1 0.02968928 0.8659924155555556 0.00589566 0.8723135266666667 0.45812054444444444 1 0.4400708844444445 1 0.02968928
2 1 0.5349093777777778 0.8975979777777777 0.5344030266666666 0.8975979777777777 0.9544117622222222 1 0.9384516266666666 1 0.5349093777777778
2 0.12010113777777778 0.3005785555555555 0.28761062 0.3172378777777778 0.28761062 0.019463146666666667 0.1453855888888889 0.0002518733333333333 0.12010113777777778 0.3005785555555555
0 0.13274336222222222 0.5023722777777777 0.30025284444444444 0.5157543644444444 0.29077117555555554 0.3364491488888889 0.16750948222222223 0.3396510288888889 0.13274336222222222 0.5023722777777777
2 0.27496839333333334 0.5733881822222222 0.13906447555555557 0.5632307022222222 0.1611883688888889 0.9800267933333334 0.3223767377777778 0.9512098844444444 0.27496839333333334 0.5733881822222222
2 0.3034134 0.5888553000000001 0.4709228822222222 0.5893975777777778 0.44879898888888886 0.3012284822222222 0.3286978511111111 0.3012284822222222 0.3034134 0.5888553000000001
2 0.35956098 0 0.3286978511111111 0.25573550666666667 0.48040455111111113 0.2724115733333333 0.4772439955555555 0.0002518733333333333 0.47264447555555555 0 0.35956098 0
2 0.5025284444444444 0.6278201222222222 0.3128950688888889 0.6176829755555555 0.3065739577777778 0.9640174 0.48988622000000004 0.9672192777777777 0.5025284444444444 0.6278201222222222