2 0.7611111111111111 0.5411111111111111 0.47555555555555556 0.1622222222222222
2 0.24888888888888888 0.9488888888888889 0.49777777777777776 0.08444444444444445
2 0.2544444444444444 0.5044444444444445 0.4533333333333333 0.16
2 0.7744444444444445 0.9377777777777778 0.44666666666666666 0.12
2 0.7611111111111111 0.39666666666666667 0.47333333333333333 0.14444444444444443
2 0.23555555555555555 0.36333333333333334 0.4666666666666667 0.13777777777777778
2 0.28888888888888886 0.2922222222222222 0.46444444444444444 0.12444444444444444
2 0.7655555555555555 0.2811111111111111 0.4666666666666667 0.11333333333333333
0 0.21 0.20666666666666667 0.13777777777777778 0.09777777777777778
0 0.43666666666666665 0.20444444444444446 0.1511111111111111 0.06666666666666667
2 0.8622222222222222 0.17222222222222222 0.2 0.12444444444444444
0 0.38555555555555554 0.13555555555555557 0.16 0.09333333333333334
0 0.10888888888888888 0.04 0.19111111111111112 0.07555555555555556
2 0.23 0.8755555555555555 0.44 0.09777777777777778
2 0.7777777777777778 0.85 0.44 0.14
2 0.22555555555555556 0.7644444444444445 0.41333333333333333 0.08444444444444445
2 0.7622222222222222 0.7444444444444445 0.43333333333333335 0.13111111111111112
2 0.25333333333333335 0.6733333333333333 0.5022222222222222 0.14666666666666667
2 0.7666666666666667 0.6355555555555555 0.4622222222222222 0.14222222222222222