2 0.0039297644444444444 0.5365079355555555 0.0039297644444444444 0.6380952377777778 0.33396520222222226 0.6412698422222223 0.3312996022222222 0.5492063488888889 0.0039297644444444444 0.5365079355555555
2 0.3403120377777778 0.5428571422222223 0.3466588733333333 0.6380952377777778 0.6481335533333333 0.6412698422222223 0.6646329355555555 0.5555555555555556 0.3403120377777778 0.5428571422222223
2 0.6766943111111112 0.5460317466666667 0.6798677288888888 0.628571428888889 0.99403608 0.6380952377777778 0.9947916666666666 0.5587301577777778 0.6766943111111112 0.5460317466666667
2 0.9845158266666667 0.6412698422222223 0.7020816533333333 0.6222222222222222 0.6989082355555556 0.7142857133333332 0.9852678577777778 0.7111111111111111 0.9845158266666667 0.6412698422222223
2 0.5077777777777778 0.6755555555555556 0.3277777777777778 0.06444444444444444
2 0.019796853333333333 0.6412698422222223 0.02297027111111111 0.7269841266666667 0.34348545555555554 0.72063492 0.34399801555555554 0.6412698422222223 0.019796853333333333 0.6412698422222223
2 0.6703474755555555 0.7238095244444445 0.3561791266666667 0.7111111111111111 0.3593525444444444 0.8 0.6614583333333334 0.8063492066666667 0.6703474755555555 0.7238095244444445
2 0.9845158266666667 0.7174603177777777 0.6703474755555555 0.7142857133333332 0.6735208933333333 0.8031746022222221 0.9916170644444445 0.8031746022222221 0.9845158266666667 0.7174603177777777
2 0.3466588733333333 0.7269841266666667 0.026143686666666666 0.7301587311111112 0.03566394 0.8063492066666667 0.328125 0.8063492066666667 0.3466588733333333 0.7269841266666667
2 0.6513069711111111 0.8031746022222221 0.37521963333333336 0.8031746022222221 0.37521963333333336 0.8825396822222222 0.6709821422222222 0.8825396822222222 0.6513069711111111 0.8031746022222221
2 0.3403120377777778 0.7968253977777778 0.03883735777777778 0.7968253977777778 0.03883735777777778 0.8888888888888888 0.3408234133333333 0.892063491111111 0.3403120377777778 0.7968253977777778
2 0.9908626622222222 0.8190476200000001 0.6798677288888888 0.8126984133333334 0.6766943111111112 0.8952380955555556 0.9757440466666666 0.892063491111111 0.9908626622222222 0.8190476200000001
2 0.3276183666666667 0.8952380955555556 0.029317104444444447 0.8888888888888888 0.029317104444444447 0.9714285711111111 0.328125 0.98095238 0.3276183666666667 0.8952380955555556
2 0.6513069711111111 0.892063491111111 0.34983229111111114 0.8952380955555556 0.3561791266666667 0.9777777777777777 0.6582837311111112 0.9841269844444445 0.6513069711111111 0.892063491111111
2 0.6724309133333333 0.9833333333333333 0.983468291111111 0.9888888888888889 0.9796657977777777 0.8958333333333334 0.6682652333333333 0.9069444444444444 0.6724309133333333 0.9833333333333333